0,1,48
240,0,48
240,1,55
480,1,60
480,0,55
720,1,62
720,0,60
960,1,64
960,0,62
1200,1,62
1200,0,64
1440,1,60
1440,0,62
1680,1,55
1680,0,60
1920,1,48
1920,0,55
2160,1,55
2160,0,48
2400,1,60
2400,0,55
2640,1,62
2640,0,60
2880,1,64
2880,0,62
3120,1,62
3120,0,64
3360,1,60
3360,0,62
3600,0,60
3600,1,55
3840,1,48
3840,0,55
4080,1,55
4080,0,48
4320,1,60
4320,1,60
4320,0,55
4560,1,62
4560,0,60
4800,1,64
4800,0,62
4800,0,60
5040,1,62
5040,0,64
5280,0,62
5280,1,60
5520,1,55
5520,0,60
5760,1,48
5760,1,67
5760,0,55
6000,1,55
6000,0,48
6000,0,67
6240,1,60
6240,0,55
6480,1,62
6480,0,60
6720,1,67
6720,0,62
6720,1,64
6960,1,62
6960,0,67
6960,0,64
7200,1,60
7200,0,62
7440,1,55
7440,0,60
7680,0,55
7680,1,48
7920,1,55
7920,0,48
8160,1,60
8160,1,60
8160,0,55
8400,1,62
8400,0,60
8640,0,62
8640,0,60
8640,1,64
8640,1,67
8760,0,67
8880,1,67
8880,1,62
8880,0,64
9120,1,60
9120,0,62
9360,0,60
9360,1,55
9600,1,53
9600,0,55
9600,0,67
9840,1,60
9840,0,53
10080,1,65
10080,0,60
10320,1,67
10320,0,65
10560,0,67
10560,1,65
10800,1,60
10800,0,65
10879,1,67
11040,1,57
11040,0,60
11240,0,67
11281,1,53
11281,0,57
11521,1,64
11521,1,67
11521,0,53
11521,1,48
11761,1,55
11761,0,48
12001,1,60
12001,0,55
12241,1,62
12241,0,60
12481,1,64
12481,0,62
12481,0,64
12481,0,67
12721,1,62
12721,0,64
12961,1,60
12961,0,62
13201,1,67
13201,1,55
13201,0,60
13321,1,65
13321,0,67
13441,1,48
13441,1,60
13441,1,64
13441,0,65
13441,0,55
13681,0,48
13681,0,60
13681,1,55
13921,1,60
13921,0,55
14161,0,64
14161,1,64
14161,0,60
14401,1,62
14401,1,47
14401,0,64
14641,1,55
14641,0,47
14881,0,55
14881,1,59
15121,0,62
15121,1,62
15121,0,59
15361,0,62
15601,1,48
15841,1,64
15841,0,48
15841,1,57
16081,0,57
16081,0,64
16081,1,48
16321,0,48
16321,1,59
16561,0,59
16561,1,57
16801,1,60
16801,1,55
16801,0,57
17041,0,55
17041,1,48
17041,0,60
17281,0,48
17521,1,57
17761,1,59
17761,0,57
18001,1,60
18001,0,59
18241,1,65
18481,0,60
18481,1,60
18560,1,67
18601,0,65
18721,1,57
18721,0,60
18921,0,67
18963,0,57
18963,1,53
19203,0,53
19203,1,55
19203,1,67
19443,1,59
19443,0,55
19683,1,62
19683,0,59
19683,0,67
19923,1,67
19923,0,62
20163,0,67
20403,1,67
20643,1,62
20643,0,67
20883,1,55
20883,0,62
21123,0,55
21123,1,67
21363,1,47
21441,1,67
21483,0,67
21603,1,55
21603,0,47
21763,1,67
21803,0,67
22084,1,67
22084,0,55
22084,1,62
22124,0,67
22324,1,53
22564,1,55
22564,1,67
22564,0,53
22564,0,62
22564,0,67
22804,1,62
22804,0,55
22804,0,67
23044,0,62
23044,1,48
23044,1,64
23284,1,55
23284,0,48
23524,1,60
23524,0,55
23764,1,62
23764,0,60
24004,0,62
24004,0,64
24004,1,64
24244,0,64
24244,1,62
24484,1,60
24484,0,62
24724,1,55
24724,0,60
24964,1,53
24964,1,65
24964,0,55
25204,1,60
25204,0,53
25444,1,65
25444,0,60
25444,0,65
25684,1,67
25684,0,65
25924,1,65
25924,0,67
26164,1,60
26164,0,65
26243,1,67
26404,1,65
26404,0,60
26604,0,67
26645,0,65
26645,1,53
26885,1,67
26885,1,64
26885,1,48
26885,0,53
27125,1,55
27125,0,48
27365,1,60
27365,0,55
27605,0,60
27605,1,62
27845,1,64
27845,0,62
27845,0,64
27845,0,67
28085,1,62
28085,0,64
28325,1,60
28325,0,62
28565,1,55
28565,0,60
28805,1,48
28805,0,55
28925,1,64
29045,1,55
29045,0,64
29045,0,48
29165,1,67
29285,1,60
29285,0,55
29525,0,60
29525,0,67
29765,1,47
29765,1,62
29885,0,62
29885,1,67
30005,0,47
30005,1,55
30005,0,67
30245,0,55
30485,1,62
30485,1,67
30725,0,62
30725,0,67
30965,1,65
31205,1,53
31205,0,65
31445,1,48
31445,0,53
31685,1,67
31685,0,48
31685,1,55
31925,1,48
31925,0,55
31925,0,67
32165,1,53
32165,0,48
32405,0,53
32405,0,69
32405,1,65
32645,0,65
32885,1,67
33125,1,59
33125,0,67
33365,1,55
33365,0,59
33365,1,67
33605,0,55
33605,1,59
33605,0,67
33845,1,55
33845,0,59
34085,1,62
34085,0,55
34325,1,55
34565,0,55
34565,0,62
34565,1,48
34565,1,60
34805,1,55
34805,0,48
34805,0,60
35045,1,60
35045,0,55
35285,1,62
35285,0,60
35525,1,64
35525,0,62
35765,1,67
35765,0,64
36005,0,67
36485,1,64
38405,0,64
